{
E : 11.263513032947026
S : 9.631638109186618
I : 9.026568926351858
A : 7.7383930065000825
R : 6.97065287314487
N : 6.69895185710704
O : 6.63923167180361
T : 6.510930621674017
L : 5.233522612811748
C : 4.0163115971196035
D : 3.356806849503941
U : 3.313576269590347
P : 3.003929294161448
M : 2.900342785122164
G : 2.806212965438979
H : 2.4972414678212305
B : 1.8587957343178887
Y : 1.623570520082154
F : 1.191026317012862
K : 0.9323183153424455
V : 0.9207954585640057
W : 0.7642435423327905
Z : 0.4813375414276502
X : 0.28433642450522245
Q : 0.16910785672082543
J : 0.1666443494095728
}
